=== propellerDisk source ===
file: postProcessing/diskSource/0/propellerDisk.dat
J bounds from fvModels: [-0.5, 0.8]

=== last 100 rows: time n J Jcorr Kt Kq T/rho Q/rho ===
901 6.000000e+00 4.758686e-01 7.864125e-02 3.267000e-01 3.748000e-02 7.350750e-01 4.216500e-02
902 6.000000e+00 4.754696e-01 7.755498e-02 3.267000e-01 3.748000e-02 7.350750e-01 4.216500e-02
903 6.000000e+00 4.750724e-01 7.647230e-02 3.267000e-01 3.748000e-02 7.350750e-01 4.216500e-02
904 6.000000e+00 4.746768e-01 7.539306e-02 3.267000e-01 3.748000e-02 7.350750e-01 4.216500e-02
905 6.000000e+00 4.742830e-01 7.431750e-02 3.267000e-01 3.748000e-02 7.350750e-01 4.216500e-02
906 6.000000e+00 4.738909e-01 7.324562e-02 3.267000e-01 3.748000e-02 7.350750e-01 4.216500e-02
907 6.000000e+00 4.735011e-01 7.217881e-02 3.267000e-01 3.748000e-02 7.350750e-01 4.216500e-02
908 6.000000e+00 4.731204e-01 7.113585e-02 3.267000e-01 3.748000e-02 7.350750e-01 4.216500e-02
909 6.000000e+00 4.727489e-01 7.011688e-02 3.267000e-01 3.748000e-02 7.350750e-01 4.216500e-02
910 6.000000e+00 4.723828e-01 6.911198e-02 3.267000e-01 3.748000e-02 7.350750e-01 4.216500e-02
911 6.000000e+00 4.720185e-01 6.811077e-02 3.267000e-01 3.748000e-02 7.350750e-01 4.216500e-02
912 6.000000e+00 4.716539e-01 6.710793e-02 3.267000e-01 3.748000e-02 7.350750e-01 4.216500e-02
913 6.000000e+00 4.712886e-01 6.610219e-02 3.267000e-01 3.748000e-02 7.350750e-01 4.216500e-02
914 6.000000e+00 4.709240e-01 6.509747e-02 3.267000e-01 3.748000e-02 7.350750e-01 4.216500e-02
915 6.000000e+00 4.705612e-01 6.409661e-02 3.267000e-01 3.748000e-02 7.350750e-01 4.216500e-02
916 6.000000e+00 4.702005e-01 6.310050e-02 3.267000e-01 3.748000e-02 7.350750e-01 4.216500e-02
917 6.000000e+00 4.698415e-01 6.210821e-02 3.267000e-01 3.748000e-02 7.350750e-01 4.216500e-02
918 6.000000e+00 4.694845e-01 6.112032e-02 3.267000e-01 3.748000e-02 7.350750e-01 4.216500e-02
919 6.000000e+00 4.691294e-01 6.013690e-02 3.267000e-01 3.748000e-02 7.350750e-01 4.216500e-02
920 6.000000e+00 4.687769e-01 5.915973e-02 3.267000e-01 3.748000e-02 7.350750e-01 4.216500e-02
921 6.000000e+00 4.684273e-01 5.818969e-02 3.267000e-01 3.748000e-02 7.350750e-01 4.216500e-02
922 6.000000e+00 4.680820e-01 5.723063e-02 3.267000e-01 3.748000e-02 7.350750e-01 4.216500e-02
923 6.000000e+00 4.677402e-01 5.628049e-02 3.267000e-01 3.748000e-02 7.350750e-01 4.216500e-02
924 6.000000e+00 4.674063e-01 5.535122e-02 3.267000e-01 3.748000e-02 7.350750e-01 4.216500e-02
925 6.000000e+00 4.670878e-01 5.446409e-02 3.267000e-01 3.748000e-02 7.350750e-01 4.216500e-02
926 6.000000e+00 4.667792e-01 5.360402e-02 3.267000e-01 3.748000e-02 7.350750e-01 4.216500e-02
927 6.000000e+00 4.664771e-01 5.276114e-02 3.267000e-01 3.748000e-02 7.350750e-01 4.216500e-02
928 6.000000e+00 4.661785e-01 5.192740e-02 3.267000e-01 3.748000e-02 7.350750e-01 4.216500e-02
929 6.000000e+00 4.658821e-01 5.109920e-02 3.267000e-01 3.748000e-02 7.350750e-01 4.216500e-02
930 6.000000e+00 4.655881e-01 5.027694e-02 3.267000e-01 3.748000e-02 7.350750e-01 4.216500e-02
931 6.000000e+00 4.652974e-01 4.946327e-02 3.267000e-01 3.748000e-02 7.350750e-01 4.216500e-02
932 6.000000e+00 4.650114e-01 4.866195e-02 3.267000e-01 3.748000e-02 7.350750e-01 4.216500e-02
933 6.000000e+00 4.647312e-01 4.787647e-02 3.267000e-01 3.748000e-02 7.350750e-01 4.216500e-02
934 6.000000e+00 4.644582e-01 4.711053e-02 3.267000e-01 3.748000e-02 7.350750e-01 4.216500e-02
935 6.000000e+00 4.641931e-01 4.636637e-02 3.267000e-01 3.748000e-02 7.350750e-01 4.216500e-02
936 6.000000e+00 4.639362e-01 4.564443e-02 3.267000e-01 3.748000e-02 7.350750e-01 4.216500e-02
937 6.000000e+00 4.636864e-01 4.494223e-02 3.267000e-01 3.748000e-02 7.350750e-01 4.216500e-02
938 6.000000e+00 4.634414e-01 4.425283e-02 3.267000e-01 3.748000e-02 7.350750e-01 4.216500e-02
939 6.000000e+00 4.632024e-01 4.358004e-02 3.267000e-01 3.748000e-02 7.350750e-01 4.216500e-02
940 6.000000e+00 4.629706e-01 4.292679e-02 3.267000e-01 3.748000e-02 7.350750e-01 4.216500e-02
941 6.000000e+00 4.627466e-01 4.229543e-02 3.267000e-01 3.748000e-02 7.350750e-01 4.216500e-02
942 6.000000e+00 4.625293e-01 4.168225e-02 3.267000e-01 3.748000e-02 7.350750e-01 4.216500e-02
943 6.000000e+00 4.623187e-01 4.108782e-02 3.267000e-01 3.748000e-02 7.350750e-01 4.216500e-02
944 6.000000e+00 4.621170e-01 4.051834e-02 3.267000e-01 3.748000e-02 7.350750e-01 4.216500e-02
945 6.000000e+00 4.619241e-01 3.997309e-02 3.267000e-01 3.748000e-02 7.350750e-01 4.216500e-02
946 6.000000e+00 4.617398e-01 3.945203e-02 3.267000e-01 3.748000e-02 7.350750e-01 4.216500e-02
947 6.000000e+00 4.615634e-01 3.895329e-02 3.267000e-01 3.748000e-02 7.350750e-01 4.216500e-02
948 6.000000e+00 4.613946e-01 3.847548e-02 3.267000e-01 3.748000e-02 7.350750e-01 4.216500e-02
949 6.000000e+00 4.612354e-01 3.802476e-02 3.267000e-01 3.748000e-02 7.350750e-01 4.216500e-02
950 6.000000e+00 4.610884e-01 3.760842e-02 3.267000e-01 3.748000e-02 7.350750e-01 4.216500e-02
951 6.000000e+00 4.609517e-01 3.722100e-02 3.267000e-01 3.748000e-02 7.350750e-01 4.216500e-02
952 6.000000e+00 4.608242e-01 3.685946e-02 3.267000e-01 3.748000e-02 7.350750e-01 4.216500e-02
953 6.000000e+00 4.607046e-01 3.652030e-02 3.267000e-01 3.748000e-02 7.350750e-01 4.216500e-02
954 6.000000e+00 4.605936e-01 3.620539e-02 3.267000e-01 3.748000e-02 7.350750e-01 4.216500e-02
955 6.000000e+00 4.604910e-01 3.591444e-02 3.267000e-01 3.748000e-02 7.350750e-01 4.216500e-02
956 6.000000e+00 4.603968e-01 3.564717e-02 3.267000e-01 3.748000e-02 7.350750e-01 4.216500e-02
957 6.000000e+00 4.603135e-01 3.541055e-02 3.267000e-01 3.748000e-02 7.350750e-01 4.216500e-02
958 6.000000e+00 4.602397e-01 3.520110e-02 3.267000e-01 3.748000e-02 7.350750e-01 4.216500e-02
959 6.000000e+00 4.601747e-01 3.501638e-02 3.267000e-01 3.748000e-02 7.350750e-01 4.216500e-02
960 6.000000e+00 4.601168e-01 3.485195e-02 3.267000e-01 3.748000e-02 7.350750e-01 4.216500e-02
961 6.000000e+00 4.600669e-01 3.471000e-02 3.267000e-01 3.748000e-02 7.350750e-01 4.216500e-02
962 6.000000e+00 4.600237e-01 3.458731e-02 3.267000e-01 3.748000e-02 7.350750e-01 4.216500e-02
963 6.000000e+00 4.599867e-01 3.448233e-02 3.267000e-01 3.748000e-02 7.350750e-01 4.216500e-02
964 6.000000e+00 4.599557e-01 3.439405e-02 3.267000e-01 3.748000e-02 7.350750e-01 4.216500e-02
965 6.000000e+00 4.599303e-01 3.432191e-02 3.267000e-01 3.748000e-02 7.350750e-01 4.216500e-02
966 6.000000e+00 4.599103e-01 3.426516e-02 3.267000e-01 3.748000e-02 7.350750e-01 4.216500e-02
967 6.000000e+00 4.598950e-01 3.422155e-02 3.267000e-01 3.748000e-02 7.350750e-01 4.216500e-02
968 6.000000e+00 4.598851e-01 3.419354e-02 3.267000e-01 3.748000e-02 7.350750e-01 4.216500e-02
969 6.000000e+00 4.598817e-01 3.418379e-02 3.267000e-01 3.748000e-02 7.350750e-01 4.216500e-02
970 6.000000e+00 4.598849e-01 3.419289e-02 3.267000e-01 3.748000e-02 7.350750e-01 4.216500e-02
971 6.000000e+00 4.598941e-01 3.421891e-02 3.267000e-01 3.748000e-02 7.350750e-01 4.216500e-02
972 6.000000e+00 4.599084e-01 3.425963e-02 3.267000e-01 3.748000e-02 7.350750e-01 4.216500e-02
973 6.000000e+00 4.599256e-01 3.430847e-02 3.267000e-01 3.748000e-02 7.350750e-01 4.216500e-02
974 6.000000e+00 4.599464e-01 3.436758e-02 3.267000e-01 3.748000e-02 7.350750e-01 4.216500e-02
975 6.000000e+00 4.599700e-01 3.443480e-02 3.267000e-01 3.748000e-02 7.350750e-01 4.216500e-02
976 6.000000e+00 4.599971e-01 3.451184e-02 3.267000e-01 3.748000e-02 7.350750e-01 4.216500e-02
977 6.000000e+00 4.600268e-01 3.459628e-02 3.267000e-01 3.748000e-02 7.350750e-01 4.216500e-02
978 6.000000e+00 4.600590e-01 3.468772e-02 3.267000e-01 3.748000e-02 7.350750e-01 4.216500e-02
979 6.000000e+00 4.600940e-01 3.478703e-02 3.267000e-01 3.748000e-02 7.350750e-01 4.216500e-02
980 6.000000e+00 4.601319e-01 3.489473e-02 3.267000e-01 3.748000e-02 7.350750e-01 4.216500e-02
981 6.000000e+00 4.601727e-01 3.501056e-02 3.267000e-01 3.748000e-02 7.350750e-01 4.216500e-02
982 6.000000e+00 4.602160e-01 3.513365e-02 3.267000e-01 3.748000e-02 7.350750e-01 4.216500e-02
983 6.000000e+00 4.602622e-01 3.526477e-02 3.267000e-01 3.748000e-02 7.350750e-01 4.216500e-02
984 6.000000e+00 4.603106e-01 3.540242e-02 3.267000e-01 3.748000e-02 7.350750e-01 4.216500e-02
985 6.000000e+00 4.603609e-01 3.554507e-02 3.267000e-01 3.748000e-02 7.350750e-01 4.216500e-02
986 6.000000e+00 4.604126e-01 3.569188e-02 3.267000e-01 3.748000e-02 7.350750e-01 4.216500e-02
987 6.000000e+00 4.604656e-01 3.584244e-02 3.267000e-01 3.748000e-02 7.350750e-01 4.216500e-02
988 6.000000e+00 4.605200e-01 3.599668e-02 3.267000e-01 3.748000e-02 7.350750e-01 4.216500e-02
989 6.000000e+00 4.605757e-01 3.615459e-02 3.267000e-01 3.748000e-02 7.350750e-01 4.216500e-02
990 6.000000e+00 4.606326e-01 3.631617e-02 3.267000e-01 3.748000e-02 7.350750e-01 4.216500e-02
991 6.000000e+00 4.606908e-01 3.648139e-02 3.267000e-01 3.748000e-02 7.350750e-01 4.216500e-02
992 6.000000e+00 4.607504e-01 3.665025e-02 3.267000e-01 3.748000e-02 7.350750e-01 4.216500e-02
993 6.000000e+00 4.608112e-01 3.682257e-02 3.267000e-01 3.748000e-02 7.350750e-01 4.216500e-02
994 6.000000e+00 4.608731e-01 3.699826e-02 3.267000e-01 3.748000e-02 7.350750e-01 4.216500e-02
995 6.000000e+00 4.609363e-01 3.717733e-02 3.267000e-01 3.748000e-02 7.350750e-01 4.216500e-02
996 6.000000e+00 4.610007e-01 3.735975e-02 3.267000e-01 3.748000e-02 7.350750e-01 4.216500e-02
997 6.000000e+00 4.610662e-01 3.754544e-02 3.267000e-01 3.748000e-02 7.350750e-01 4.216500e-02
998 6.000000e+00 4.611329e-01 3.773429e-02 3.267000e-01 3.748000e-02 7.350750e-01 4.216500e-02
999 6.000000e+00 4.612006e-01 3.792622e-02 3.267000e-01 3.748000e-02 7.350750e-01 4.216500e-02
1000 6.000000e+00 4.612695e-01 3.812128e-02 3.267000e-01 3.748000e-02 7.350750e-01 4.216500e-02

=== window summary (100) ===
J range:     [0.459882, 0.475869], out-of-range: 0/100
Jcorr range: [0.0341838, 0.0786412], out-of-range: 0/100
Kt range:    [0.3267, 0.3267]
Kq range:    [0.03748, 0.03748]
T/rho mean=0.735075, relRange=0%
Q/rho mean=0.042165, relRange=0%

=== functionObject traces (latest file tail) ===
--- Uavg_propeller
file: postProcessing/Uavg_propeller/0/volFieldValue.dat
993           	(1.199638e-01 -5.370680e-01 -1.382619e+00)
994           	(1.201897e-01 -5.361557e-01 -1.382809e+00)
995           	(1.204292e-01 -5.352255e-01 -1.383002e+00)
996           	(1.206823e-01 -5.342777e-01 -1.383199e+00)
997           	(1.209492e-01 -5.333126e-01 -1.383399e+00)
998           	(1.212300e-01 -5.323305e-01 -1.383602e+00)
999           	(1.215246e-01 -5.313321e-01 -1.383808e+00)
1000          	(1.218329e-01 -5.303179e-01 -1.384019e+00)
--- phi_farField
file: postProcessing/phi_farField/0/surfaceFieldValue.dat
993           	5.659787e-01
994           	5.586727e-01
995           	5.513967e-01
996           	5.441631e-01
997           	5.369648e-01
998           	5.298043e-01
999           	5.226936e-01
1000          	5.156275e-01
--- phi_top
file: postProcessing/phi_top/0/surfaceFieldValue.dat
993           	-5.650375e-01
994           	-5.577288e-01
995           	-5.504592e-01
996           	-5.432356e-01
997           	-5.360490e-01
998           	-5.288990e-01
999           	-5.217847e-01
1000          	-5.147149e-01
