=== propellerDisk source ===
file: postProcessing/diskSource/0/propellerDisk.dat
J bounds from fvModels: [-0.5, 0.8]

=== last 100 rows: time n J Jcorr Kt Kq T/rho Q/rho ===
901 6.000000e+00 4.931790e-01 1.246977e-01 3.190437e-01 3.689220e-02 7.178484e-01 4.150372e-02
902 6.000000e+00 4.932391e-01 1.248542e-01 3.189952e-01 3.688847e-02 7.177392e-01 4.149953e-02
903 6.000000e+00 4.932975e-01 1.250061e-01 3.189481e-01 3.688485e-02 7.176332e-01 4.149546e-02
904 6.000000e+00 4.933548e-01 1.251551e-01 3.189019e-01 3.688131e-02 7.175293e-01 4.149147e-02
905 6.000000e+00 4.934114e-01 1.253023e-01 3.188563e-01 3.687781e-02 7.174267e-01 4.148753e-02
906 6.000000e+00 4.934663e-01 1.254451e-01 3.188120e-01 3.687441e-02 7.173270e-01 4.148371e-02
907 6.000000e+00 4.935209e-01 1.255872e-01 3.187680e-01 3.687102e-02 7.172279e-01 4.147990e-02
908 6.000000e+00 4.935726e-01 1.257215e-01 3.187263e-01 3.686783e-02 7.171343e-01 4.147631e-02
909 6.000000e+00 4.936235e-01 1.258538e-01 3.186853e-01 3.686468e-02 7.170420e-01 4.147277e-02
910 6.000000e+00 4.936742e-01 1.259857e-01 3.186444e-01 3.686154e-02 7.169500e-01 4.146923e-02
911 6.000000e+00 4.937229e-01 1.261123e-01 3.186052e-01 3.685853e-02 7.168617e-01 4.146584e-02
912 6.000000e+00 4.937712e-01 1.262377e-01 3.185663e-01 3.685554e-02 7.167742e-01 4.146249e-02
913 6.000000e+00 4.938185e-01 1.263607e-01 3.185282e-01 3.685262e-02 7.166884e-01 4.145919e-02
914 6.000000e+00 4.938645e-01 1.264802e-01 3.184911e-01 3.684977e-02 7.166050e-01 4.145599e-02
915 6.000000e+00 4.939104e-01 1.265993e-01 3.184542e-01 3.684694e-02 7.165220e-01 4.145280e-02
916 6.000000e+00 4.939557e-01 1.267170e-01 3.184177e-01 3.684413e-02 7.164399e-01 4.144965e-02
917 6.000000e+00 4.940045e-01 1.268437e-01 3.183785e-01 3.684112e-02 7.163515e-01 4.144626e-02
918 6.000000e+00 4.940530e-01 1.269696e-01 3.183394e-01 3.683812e-02 7.162637e-01 4.144289e-02
919 6.000000e+00 4.941002e-01 1.270922e-01 3.183014e-01 3.683521e-02 7.161782e-01 4.143961e-02
920 6.000000e+00 4.941459e-01 1.272110e-01 3.182646e-01 3.683238e-02 7.160953e-01 4.143643e-02
921 6.000000e+00 4.941910e-01 1.273280e-01 3.182283e-01 3.682959e-02 7.160137e-01 4.143329e-02
922 6.000000e+00 4.942343e-01 1.274404e-01 3.181935e-01 3.682692e-02 7.159353e-01 4.143028e-02
923 6.000000e+00 4.942752e-01 1.275466e-01 3.181606e-01 3.682439e-02 7.158612e-01 4.142744e-02
924 6.000000e+00 4.943150e-01 1.276498e-01 3.181286e-01 3.682193e-02 7.157893e-01 4.142468e-02
925 6.000000e+00 4.943548e-01 1.277530e-01 3.180966e-01 3.681948e-02 7.157173e-01 4.142191e-02
926 6.000000e+00 4.943936e-01 1.278537e-01 3.180653e-01 3.681708e-02 7.156470e-01 4.141922e-02
927 6.000000e+00 4.944320e-01 1.279533e-01 3.180345e-01 3.681471e-02 7.155776e-01 4.141655e-02
928 6.000000e+00 4.944689e-01 1.280492e-01 3.180048e-01 3.681243e-02 7.155107e-01 4.141398e-02
929 6.000000e+00 4.945051e-01 1.281431e-01 3.179756e-01 3.681019e-02 7.154452e-01 4.141147e-02
930 6.000000e+00 4.945409e-01 1.282358e-01 3.179469e-01 3.680799e-02 7.153805e-01 4.140899e-02
931 6.000000e+00 4.945764e-01 1.283279e-01 3.179183e-01 3.680579e-02 7.153163e-01 4.140652e-02
932 6.000000e+00 4.946118e-01 1.284199e-01 3.178898e-01 3.680361e-02 7.152522e-01 4.140406e-02
933 6.000000e+00 4.946470e-01 1.285110e-01 3.178616e-01 3.680144e-02 7.151886e-01 4.140162e-02
934 6.000000e+00 4.946816e-01 1.286009e-01 3.178337e-01 3.679930e-02 7.151259e-01 4.139921e-02
935 6.000000e+00 4.947158e-01 1.286895e-01 3.178063e-01 3.679719e-02 7.150641e-01 4.139684e-02
936 6.000000e+00 4.947493e-01 1.287761e-01 3.177794e-01 3.679513e-02 7.150036e-01 4.139452e-02
937 6.000000e+00 4.947819e-01 1.288608e-01 3.177531e-01 3.679311e-02 7.149446e-01 4.139225e-02
938 6.000000e+00 4.948142e-01 1.289444e-01 3.177272e-01 3.679112e-02 7.148863e-01 4.139001e-02
939 6.000000e+00 4.948462e-01 1.290274e-01 3.177015e-01 3.678915e-02 7.148284e-01 4.138779e-02
940 6.000000e+00 4.948779e-01 1.291095e-01 3.176760e-01 3.678719e-02 7.147711e-01 4.138559e-02
941 6.000000e+00 4.949092e-01 1.291907e-01 3.176509e-01 3.678526e-02 7.147145e-01 4.138342e-02
942 6.000000e+00 4.949402e-01 1.292711e-01 3.176260e-01 3.678335e-02 7.146584e-01 4.138127e-02
943 6.000000e+00 4.949709e-01 1.293506e-01 3.176013e-01 3.678145e-02 7.146029e-01 4.137914e-02
944 6.000000e+00 4.950014e-01 1.294294e-01 3.175769e-01 3.677958e-02 7.145480e-01 4.137703e-02
945 6.000000e+00 4.950315e-01 1.295076e-01 3.175527e-01 3.677772e-02 7.144935e-01 4.137493e-02
946 6.000000e+00 4.950614e-01 1.295849e-01 3.175287e-01 3.677588e-02 7.144395e-01 4.137286e-02
947 6.000000e+00 4.950909e-01 1.296614e-01 3.175050e-01 3.677406e-02 7.143862e-01 4.137082e-02
948 6.000000e+00 4.951201e-01 1.297371e-01 3.174815e-01 3.677226e-02 7.143334e-01 4.136879e-02
949 6.000000e+00 4.951490e-01 1.298119e-01 3.174583e-01 3.677048e-02 7.142812e-01 4.136679e-02
950 6.000000e+00 4.951775e-01 1.298858e-01 3.174354e-01 3.676872e-02 7.142297e-01 4.136481e-02
951 6.000000e+00 4.952055e-01 1.299581e-01 3.174130e-01 3.676700e-02 7.141792e-01 4.136287e-02
952 6.000000e+00 4.952325e-01 1.300281e-01 3.173913e-01 3.676533e-02 7.141304e-01 4.136100e-02
953 6.000000e+00 4.952594e-01 1.300977e-01 3.173697e-01 3.676367e-02 7.140819e-01 4.135913e-02
954 6.000000e+00 4.952860e-01 1.301666e-01 3.173484e-01 3.676203e-02 7.140338e-01 4.135729e-02
955 6.000000e+00 4.953127e-01 1.302358e-01 3.173269e-01 3.676039e-02 7.139855e-01 4.135544e-02
956 6.000000e+00 4.953382e-01 1.303018e-01 3.173065e-01 3.675882e-02 7.139395e-01 4.135367e-02
957 6.000000e+00 4.953627e-01 1.303651e-01 3.172868e-01 3.675731e-02 7.138953e-01 4.135197e-02
958 6.000000e+00 4.953863e-01 1.304262e-01 3.172679e-01 3.675586e-02 7.138527e-01 4.135034e-02
959 6.000000e+00 4.954090e-01 1.304850e-01 3.172497e-01 3.675446e-02 7.138117e-01 4.134876e-02
960 6.000000e+00 4.954310e-01 1.305419e-01 3.172320e-01 3.675310e-02 7.137720e-01 4.134724e-02
961 6.000000e+00 4.954535e-01 1.306000e-01 3.172140e-01 3.675172e-02 7.137315e-01 4.134569e-02
962 6.000000e+00 4.954753e-01 1.306565e-01 3.171965e-01 3.675038e-02 7.136921e-01 4.134417e-02
963 6.000000e+00 4.954966e-01 1.307116e-01 3.171794e-01 3.674906e-02 7.136537e-01 4.134270e-02
964 6.000000e+00 4.955174e-01 1.307654e-01 3.171627e-01 3.674778e-02 7.136161e-01 4.134126e-02
965 6.000000e+00 4.955377e-01 1.308179e-01 3.171464e-01 3.674653e-02 7.135795e-01 4.133985e-02
966 6.000000e+00 4.955572e-01 1.308685e-01 3.171308e-01 3.674533e-02 7.135442e-01 4.133850e-02
967 6.000000e+00 4.955758e-01 1.309166e-01 3.171159e-01 3.674418e-02 7.135107e-01 4.133721e-02
968 6.000000e+00 4.955935e-01 1.309624e-01 3.171017e-01 3.674310e-02 7.134787e-01 4.133598e-02
969 6.000000e+00 4.956104e-01 1.310060e-01 3.170881e-01 3.674206e-02 7.134483e-01 4.133481e-02
970 6.000000e+00 4.956266e-01 1.310480e-01 3.170751e-01 3.674106e-02 7.134190e-01 4.133369e-02
971 6.000000e+00 4.956423e-01 1.310885e-01 3.170626e-01 3.674009e-02 7.133907e-01 4.133260e-02
972 6.000000e+00 4.956575e-01 1.311278e-01 3.170504e-01 3.673916e-02 7.133634e-01 4.133155e-02
973 6.000000e+00 4.956721e-01 1.311657e-01 3.170386e-01 3.673826e-02 7.133369e-01 4.133054e-02
974 6.000000e+00 4.956862e-01 1.312021e-01 3.170274e-01 3.673739e-02 7.133115e-01 4.132956e-02
975 6.000000e+00 4.956996e-01 1.312366e-01 3.170166e-01 3.673657e-02 7.132875e-01 4.132864e-02
976 6.000000e+00 4.957121e-01 1.312691e-01 3.170066e-01 3.673580e-02 7.132648e-01 4.132777e-02
977 6.000000e+00 4.957238e-01 1.312993e-01 3.169972e-01 3.673508e-02 7.132437e-01 4.132696e-02
978 6.000000e+00 4.957347e-01 1.313274e-01 3.169885e-01 3.673441e-02 7.132242e-01 4.132621e-02
979 6.000000e+00 4.957447e-01 1.313534e-01 3.169804e-01 3.673379e-02 7.132060e-01 4.132551e-02
980 6.000000e+00 4.957540e-01 1.313775e-01 3.169730e-01 3.673322e-02 7.131892e-01 4.132487e-02
981 6.000000e+00 4.957626e-01 1.313997e-01 3.169661e-01 3.673269e-02 7.131737e-01 4.132427e-02
982 6.000000e+00 4.957705e-01 1.314200e-01 3.169598e-01 3.673220e-02 7.131595e-01 4.132373e-02
983 6.000000e+00 4.957776e-01 1.314384e-01 3.169541e-01 3.673177e-02 7.131467e-01 4.132324e-02
984 6.000000e+00 4.957839e-01 1.314548e-01 3.169490e-01 3.673138e-02 7.131353e-01 4.132280e-02
985 6.000000e+00 4.957893e-01 1.314687e-01 3.169447e-01 3.673104e-02 7.131256e-01 4.132243e-02
986 6.000000e+00 4.957940e-01 1.314807e-01 3.169410e-01 3.673076e-02 7.131172e-01 4.132210e-02
987 6.000000e+00 4.957972e-01 1.314891e-01 3.169384e-01 3.673056e-02 7.131113e-01 4.132188e-02
988 6.000000e+00 4.957999e-01 1.314961e-01 3.169362e-01 3.673039e-02 7.131065e-01 4.132169e-02
989 6.000000e+00 4.958023e-01 1.315021e-01 3.169343e-01 3.673025e-02 7.131023e-01 4.132153e-02
990 6.000000e+00 4.958042e-01 1.315073e-01 3.169327e-01 3.673013e-02 7.130987e-01 4.132139e-02
991 6.000000e+00 4.958055e-01 1.315105e-01 3.169317e-01 3.673005e-02 7.130964e-01 4.132131e-02
992 6.000000e+00 4.958059e-01 1.315116e-01 3.169314e-01 3.673002e-02 7.130956e-01 4.132128e-02
993 6.000000e+00 4.958057e-01 1.315110e-01 3.169316e-01 3.673004e-02 7.130961e-01 4.132129e-02
994 6.000000e+00 4.958046e-01 1.315082e-01 3.169325e-01 3.673011e-02 7.130980e-01 4.132137e-02
995 6.000000e+00 4.958027e-01 1.315034e-01 3.169339e-01 3.673022e-02 7.131014e-01 4.132150e-02
996 6.000000e+00 4.958001e-01 1.314966e-01 3.169361e-01 3.673038e-02 7.131061e-01 4.132168e-02
997 6.000000e+00 4.957967e-01 1.314877e-01 3.169388e-01 3.673059e-02 7.131123e-01 4.132192e-02
998 6.000000e+00 4.957924e-01 1.314768e-01 3.169422e-01 3.673085e-02 7.131199e-01 4.132221e-02
999 6.000000e+00 4.957872e-01 1.314631e-01 3.169464e-01 3.673118e-02 7.131295e-01 4.132258e-02
1000 6.000000e+00 4.957812e-01 1.314477e-01 3.169512e-01 3.673154e-02 7.131402e-01 4.132299e-02

=== window summary (100) ===
J range:     [0.493179, 0.495806], out-of-range: 0/100
Jcorr range: [0.124698, 0.131512], out-of-range: 0/100
Kt range:    [0.316931, 0.319044]
Kq range:    [0.03673, 0.0368922]
T/rho mean=0.714611, relRange=0.665089%
Q/rho mean=0.0413795, relRange=0.440895%

=== functionObject traces (latest file tail) ===
--- Uavg_propeller
file: postProcessing/Uavg_propeller/0/volFieldValue.dat
993           	(3.456799e-01 -3.242565e-01 -1.487414e+00)
994           	(3.453956e-01 -3.242821e-01 -1.487408e+00)
995           	(3.451054e-01 -3.243277e-01 -1.487400e+00)
996           	(3.448093e-01 -3.243948e-01 -1.487390e+00)
997           	(3.445068e-01 -3.244846e-01 -1.487377e+00)
998           	(3.441968e-01 -3.245995e-01 -1.487361e+00)
999           	(3.438809e-01 -3.247403e-01 -1.487344e+00)
1000          	(3.435601e-01 -3.249078e-01 -1.487324e+00)
--- phi_farField
file: postProcessing/phi_farField/0/surfaceFieldValue.dat
993           	2.321918e-01
994           	2.326160e-01
995           	2.329302e-01
996           	2.331457e-01
997           	2.332244e-01
998           	2.332616e-01
999           	2.331641e-01
1000          	2.329537e-01
--- phi_top
file: postProcessing/phi_top/0/surfaceFieldValue.dat
993           	-2.328697e-01
994           	-2.332436e-01
995           	-2.335050e-01
996           	-2.336626e-01
997           	-2.337067e-01
998           	-2.336614e-01
999           	-2.334730e-01
1000          	-2.331660e-01
