=== propellerDisk source ===
file: postProcessing/diskSource/0/propellerDisk.dat
J bounds from fvModels: [-0.5, 0.8]

=== last 100 rows: time n J Jcorr Kt Kq T/rho Q/rho ===
901 6.000000e+00 4.914405e-01 1.201639e-01 3.204492e-01 3.700010e-02 7.210107e-01 4.162511e-02
902 6.000000e+00 4.914333e-01 1.201451e-01 3.204550e-01 3.700055e-02 7.210238e-01 4.162562e-02
903 6.000000e+00 4.914258e-01 1.201252e-01 3.204612e-01 3.700102e-02 7.210377e-01 4.162615e-02
904 6.000000e+00 4.914178e-01 1.201044e-01 3.204676e-01 3.700152e-02 7.210522e-01 4.162671e-02
905 6.000000e+00 4.914095e-01 1.200827e-01 3.204744e-01 3.700203e-02 7.210673e-01 4.162728e-02
906 6.000000e+00 4.914010e-01 1.200604e-01 3.204813e-01 3.700256e-02 7.210829e-01 4.162788e-02
907 6.000000e+00 4.913921e-01 1.200373e-01 3.204884e-01 3.700311e-02 7.210990e-01 4.162850e-02
908 6.000000e+00 4.913840e-01 1.200162e-01 3.204950e-01 3.700362e-02 7.211137e-01 4.162907e-02
909 6.000000e+00 4.913773e-01 1.199986e-01 3.205004e-01 3.700403e-02 7.211259e-01 4.162954e-02
910 6.000000e+00 4.913720e-01 1.199847e-01 3.205048e-01 3.700437e-02 7.211357e-01 4.162991e-02
911 6.000000e+00 4.913668e-01 1.199712e-01 3.205089e-01 3.700469e-02 7.211451e-01 4.163027e-02
912 6.000000e+00 4.913607e-01 1.199552e-01 3.205139e-01 3.700507e-02 7.211562e-01 4.163070e-02
913 6.000000e+00 4.913531e-01 1.199354e-01 3.205200e-01 3.700554e-02 7.211701e-01 4.163123e-02
914 6.000000e+00 4.913439e-01 1.199113e-01 3.205275e-01 3.700611e-02 7.211869e-01 4.163188e-02
915 6.000000e+00 4.913335e-01 1.198841e-01 3.205359e-01 3.700676e-02 7.212059e-01 4.163260e-02
916 6.000000e+00 4.913224e-01 1.198550e-01 3.205450e-01 3.700745e-02 7.212262e-01 4.163338e-02
917 6.000000e+00 4.913110e-01 1.198251e-01 3.205542e-01 3.700816e-02 7.212470e-01 4.163418e-02
918 6.000000e+00 4.912996e-01 1.197954e-01 3.205634e-01 3.700887e-02 7.212677e-01 4.163498e-02
919 6.000000e+00 4.912885e-01 1.197665e-01 3.205724e-01 3.700956e-02 7.212879e-01 4.163575e-02
920 6.000000e+00 4.912775e-01 1.197377e-01 3.205813e-01 3.701024e-02 7.213079e-01 4.163652e-02
921 6.000000e+00 4.912664e-01 1.197085e-01 3.205904e-01 3.701094e-02 7.213283e-01 4.163730e-02
922 6.000000e+00 4.912551e-01 1.196790e-01 3.205995e-01 3.701164e-02 7.213489e-01 4.163810e-02
923 6.000000e+00 4.912435e-01 1.196487e-01 3.206089e-01 3.701236e-02 7.213700e-01 4.163890e-02
924 6.000000e+00 4.912316e-01 1.196177e-01 3.206185e-01 3.701310e-02 7.213917e-01 4.163974e-02
925 6.000000e+00 4.912197e-01 1.195864e-01 3.206282e-01 3.701384e-02 7.214135e-01 4.164057e-02
926 6.000000e+00 4.912079e-01 1.195555e-01 3.206378e-01 3.701458e-02 7.214350e-01 4.164140e-02
927 6.000000e+00 4.911964e-01 1.195254e-01 3.206471e-01 3.701529e-02 7.214560e-01 4.164221e-02
928 6.000000e+00 4.911851e-01 1.194960e-01 3.206563e-01 3.701600e-02 7.214766e-01 4.164300e-02
929 6.000000e+00 4.911739e-01 1.194667e-01 3.206653e-01 3.701669e-02 7.214970e-01 4.164378e-02
930 6.000000e+00 4.911628e-01 1.194377e-01 3.206743e-01 3.701738e-02 7.215172e-01 4.164456e-02
931 6.000000e+00 4.911518e-01 1.194090e-01 3.206832e-01 3.701807e-02 7.215372e-01 4.164532e-02
932 6.000000e+00 4.911411e-01 1.193808e-01 3.206920e-01 3.701874e-02 7.215569e-01 4.164608e-02
933 6.000000e+00 4.911305e-01 1.193531e-01 3.207005e-01 3.701940e-02 7.215762e-01 4.164682e-02
934 6.000000e+00 4.911182e-01 1.193209e-01 3.207105e-01 3.702016e-02 7.215987e-01 4.164768e-02
935 6.000000e+00 4.911059e-01 1.192888e-01 3.207205e-01 3.702093e-02 7.216211e-01 4.164854e-02
936 6.000000e+00 4.910939e-01 1.192574e-01 3.207302e-01 3.702167e-02 7.216429e-01 4.164938e-02
937 6.000000e+00 4.910822e-01 1.192269e-01 3.207397e-01 3.702240e-02 7.216642e-01 4.165020e-02
938 6.000000e+00 4.910708e-01 1.191971e-01 3.207489e-01 3.702311e-02 7.216850e-01 4.165100e-02
939 6.000000e+00 4.910597e-01 1.191679e-01 3.207580e-01 3.702380e-02 7.217054e-01 4.165178e-02
940 6.000000e+00 4.910489e-01 1.191398e-01 3.207667e-01 3.702447e-02 7.217250e-01 4.165253e-02
941 6.000000e+00 4.910385e-01 1.191126e-01 3.207751e-01 3.702512e-02 7.217440e-01 4.165326e-02
942 6.000000e+00 4.910285e-01 1.190863e-01 3.207833e-01 3.702575e-02 7.217623e-01 4.165397e-02
943 6.000000e+00 4.910186e-01 1.190606e-01 3.207912e-01 3.702636e-02 7.217803e-01 4.165465e-02
944 6.000000e+00 4.910090e-01 1.190354e-01 3.207990e-01 3.702696e-02 7.217978e-01 4.165533e-02
945 6.000000e+00 4.909995e-01 1.190105e-01 3.208067e-01 3.702755e-02 7.218151e-01 4.165599e-02
946 6.000000e+00 4.909901e-01 1.189860e-01 3.208143e-01 3.702813e-02 7.218323e-01 4.165665e-02
947 6.000000e+00 4.909807e-01 1.189613e-01 3.208220e-01 3.702872e-02 7.218495e-01 4.165731e-02
948 6.000000e+00 4.909711e-01 1.189362e-01 3.208298e-01 3.702932e-02 7.218670e-01 4.165798e-02
949 6.000000e+00 4.909613e-01 1.189105e-01 3.208378e-01 3.702993e-02 7.218849e-01 4.165867e-02
950 6.000000e+00 4.909510e-01 1.188836e-01 3.208461e-01 3.703057e-02 7.219037e-01 4.165939e-02
951 6.000000e+00 4.909403e-01 1.188555e-01 3.208548e-01 3.703124e-02 7.219233e-01 4.166015e-02
952 6.000000e+00 4.909292e-01 1.188265e-01 3.208638e-01 3.703193e-02 7.219435e-01 4.166092e-02
953 6.000000e+00 4.909179e-01 1.187970e-01 3.208729e-01 3.703263e-02 7.219641e-01 4.166171e-02
954 6.000000e+00 4.909060e-01 1.187657e-01 3.208826e-01 3.703338e-02 7.219859e-01 4.166255e-02
955 6.000000e+00 4.908939e-01 1.187340e-01 3.208925e-01 3.703413e-02 7.220080e-01 4.166340e-02
956 6.000000e+00 4.908808e-01 1.186998e-01 3.209031e-01 3.703494e-02 7.220319e-01 4.166431e-02
957 6.000000e+00 4.908679e-01 1.186660e-01 3.209135e-01 3.703575e-02 7.220555e-01 4.166522e-02
958 6.000000e+00 4.908534e-01 1.186282e-01 3.209253e-01 3.703665e-02 7.220819e-01 4.166623e-02
959 6.000000e+00 4.908385e-01 1.185892e-01 3.209373e-01 3.703758e-02 7.221090e-01 4.166727e-02
960 6.000000e+00 4.908230e-01 1.185487e-01 3.209499e-01 3.703854e-02 7.221373e-01 4.166836e-02
961 6.000000e+00 4.908065e-01 1.185053e-01 3.209634e-01 3.703957e-02 7.221676e-01 4.166952e-02
962 6.000000e+00 4.907905e-01 1.184633e-01 3.209764e-01 3.704057e-02 7.221968e-01 4.167064e-02
963 6.000000e+00 4.907734e-01 1.184186e-01 3.209902e-01 3.704164e-02 7.222280e-01 4.167184e-02
964 6.000000e+00 4.907559e-01 1.183730e-01 3.210044e-01 3.704272e-02 7.222599e-01 4.167306e-02
965 6.000000e+00 4.907379e-01 1.183258e-01 3.210190e-01 3.704385e-02 7.222928e-01 4.167433e-02
966 6.000000e+00 4.907189e-01 1.182759e-01 3.210345e-01 3.704503e-02 7.223276e-01 4.167566e-02
967 6.000000e+00 4.906992e-01 1.182245e-01 3.210504e-01 3.704626e-02 7.223634e-01 4.167704e-02
968 6.000000e+00 4.906786e-01 1.181705e-01 3.210671e-01 3.704754e-02 7.224011e-01 4.167848e-02
969 6.000000e+00 4.906564e-01 1.181124e-01 3.210852e-01 3.704893e-02 7.224416e-01 4.168004e-02
970 6.000000e+00 4.906334e-01 1.180522e-01 3.211038e-01 3.705036e-02 7.224836e-01 4.168165e-02
971 6.000000e+00 4.906094e-01 1.179893e-01 3.211233e-01 3.705185e-02 7.225275e-01 4.168334e-02
972 6.000000e+00 4.905841e-01 1.179231e-01 3.211438e-01 3.705343e-02 7.225736e-01 4.168511e-02
973 6.000000e+00 4.905580e-01 1.178547e-01 3.211650e-01 3.705506e-02 7.226213e-01 4.168694e-02
974 6.000000e+00 4.905312e-01 1.177844e-01 3.211868e-01 3.705673e-02 7.226704e-01 4.168882e-02
975 6.000000e+00 4.905033e-01 1.177113e-01 3.212095e-01 3.705847e-02 7.227214e-01 4.169078e-02
976 6.000000e+00 4.904745e-01 1.176360e-01 3.212329e-01 3.706026e-02 7.227739e-01 4.169280e-02
977 6.000000e+00 4.904451e-01 1.175589e-01 3.212567e-01 3.706210e-02 7.228277e-01 4.169486e-02
978 6.000000e+00 4.904150e-01 1.174799e-01 3.212812e-01 3.706398e-02 7.228828e-01 4.169698e-02
979 6.000000e+00 4.903845e-01 1.173999e-01 3.213060e-01 3.706588e-02 7.229385e-01 4.169912e-02
980 6.000000e+00 4.903535e-01 1.173188e-01 3.213312e-01 3.706781e-02 7.229951e-01 4.170129e-02
981 6.000000e+00 4.903220e-01 1.172361e-01 3.213568e-01 3.706978e-02 7.230528e-01 4.170350e-02
982 6.000000e+00 4.902896e-01 1.171513e-01 3.213831e-01 3.707180e-02 7.231120e-01 4.170577e-02
983 6.000000e+00 4.902562e-01 1.170637e-01 3.214103e-01 3.707388e-02 7.231731e-01 4.170812e-02
984 6.000000e+00 4.902220e-01 1.169740e-01 3.214381e-01 3.707602e-02 7.232357e-01 4.171052e-02
985 6.000000e+00 4.901870e-01 1.168823e-01 3.214665e-01 3.707820e-02 7.232996e-01 4.171298e-02
986 6.000000e+00 4.901512e-01 1.167884e-01 3.214956e-01 3.708044e-02 7.233651e-01 4.171549e-02
987 6.000000e+00 4.901144e-01 1.166920e-01 3.215255e-01 3.708273e-02 7.234323e-01 4.171807e-02
988 6.000000e+00 4.900766e-01 1.165928e-01 3.215562e-01 3.708509e-02 7.235015e-01 4.172073e-02
989 6.000000e+00 4.900377e-01 1.164908e-01 3.215879e-01 3.708752e-02 7.235727e-01 4.172346e-02
990 6.000000e+00 4.899978e-01 1.163861e-01 3.216203e-01 3.709001e-02 7.236457e-01 4.172626e-02
991 6.000000e+00 4.899570e-01 1.162791e-01 3.216535e-01 3.709256e-02 7.237203e-01 4.172913e-02
992 6.000000e+00 4.899153e-01 1.161696e-01 3.216874e-01 3.709516e-02 7.237967e-01 4.173206e-02
993 6.000000e+00 4.898727e-01 1.160579e-01 3.217220e-01 3.709782e-02 7.238746e-01 4.173505e-02
994 6.000000e+00 4.898294e-01 1.159442e-01 3.217573e-01 3.710053e-02 7.239539e-01 4.173809e-02
995 6.000000e+00 4.897851e-01 1.158280e-01 3.217933e-01 3.710329e-02 7.240350e-01 4.174121e-02
996 6.000000e+00 4.897398e-01 1.157091e-01 3.218302e-01 3.710612e-02 7.241179e-01 4.174439e-02
997 6.000000e+00 4.896936e-01 1.155879e-01 3.218678e-01 3.710901e-02 7.242024e-01 4.174763e-02
998 6.000000e+00 4.896466e-01 1.154643e-01 3.219061e-01 3.711195e-02 7.242886e-01 4.175094e-02
999 6.000000e+00 4.895987e-01 1.153387e-01 3.219450e-01 3.711494e-02 7.243763e-01 4.175431e-02
1000 6.000000e+00 4.895500e-01 1.152108e-01 3.219846e-01 3.711798e-02 7.244654e-01 4.175773e-02

=== window summary (100) ===
J range:     [0.48955, 0.491441], out-of-range: 0/100
Jcorr range: [0.115211, 0.120164], out-of-range: 0/100
Kt range:    [0.320449, 0.321985]
Kq range:    [0.0370001, 0.037118]
T/rho mean=0.722169, relRange=0.478378%
Q/rho mean=0.0416696, relRange=0.318266%

=== functionObject traces (latest file tail) ===
--- Uavg_propeller
file: postProcessing/Uavg_propeller/0/volFieldValue.dat
993           	(4.068489e-01 1.433691e-01 -1.469488e+00)
994           	(4.064807e-01 1.461516e-01 -1.469355e+00)
995           	(4.061038e-01 1.489364e-01 -1.469219e+00)
996           	(4.057180e-01 1.517229e-01 -1.469081e+00)
997           	(4.053233e-01 1.545099e-01 -1.468940e+00)
998           	(4.049195e-01 1.572965e-01 -1.468796e+00)
999           	(4.045069e-01 1.600820e-01 -1.468650e+00)
1000          	(4.040855e-01 1.628655e-01 -1.468501e+00)
--- phi_farField
file: postProcessing/phi_farField/0/surfaceFieldValue.dat
993           	-8.546112e-01
994           	-8.519258e-01
995           	-8.492308e-01
996           	-8.465267e-01
997           	-8.438020e-01
998           	-8.410698e-01
999           	-8.383290e-01
1000          	-8.355734e-01
--- phi_top
file: postProcessing/phi_top/0/surfaceFieldValue.dat
993           	8.553763e-01
994           	8.526845e-01
995           	8.499830e-01
996           	8.472726e-01
997           	8.445411e-01
998           	8.418007e-01
999           	8.390501e-01
1000          	8.362849e-01
