=== propellerDisk source ===
file: postProcessing/diskSource/0/propellerDisk.dat
J bounds from fvModels: [-0.5, 0.8]

=== last 100 rows: time n J Jcorr Kt Kq T/rho Q/rho ===
901 6.000000e+00 4.175321e-01 -9.288454e-02 3.528360e-01 4.047800e-02 7.938810e-01 4.553775e-02
902 6.000000e+00 4.175336e-01 -9.287980e-02 3.528360e-01 4.047800e-02 7.938810e-01 4.553775e-02
903 6.000000e+00 4.175350e-01 -9.287519e-02 3.528360e-01 4.047800e-02 7.938810e-01 4.553775e-02
904 6.000000e+00 4.175364e-01 -9.287067e-02 3.528360e-01 4.047800e-02 7.938810e-01 4.553775e-02
905 6.000000e+00 4.175378e-01 -9.286620e-02 3.528360e-01 4.047800e-02 7.938810e-01 4.553775e-02
906 6.000000e+00 4.175392e-01 -9.286179e-02 3.528360e-01 4.047800e-02 7.938810e-01 4.553775e-02
907 6.000000e+00 4.175406e-01 -9.285755e-02 3.528360e-01 4.047800e-02 7.938810e-01 4.553775e-02
908 6.000000e+00 4.175420e-01 -9.285286e-02 3.528360e-01 4.047800e-02 7.938810e-01 4.553775e-02
909 6.000000e+00 4.175435e-01 -9.284820e-02 3.528360e-01 4.047800e-02 7.938810e-01 4.553775e-02
910 6.000000e+00 4.175449e-01 -9.284372e-02 3.528360e-01 4.047800e-02 7.938810e-01 4.553775e-02
911 6.000000e+00 4.175464e-01 -9.283891e-02 3.528360e-01 4.047800e-02 7.938810e-01 4.553775e-02
912 6.000000e+00 4.175478e-01 -9.283436e-02 3.528360e-01 4.047800e-02 7.938810e-01 4.553775e-02
913 6.000000e+00 4.175493e-01 -9.282961e-02 3.528360e-01 4.047800e-02 7.938810e-01 4.553775e-02
914 6.000000e+00 4.175509e-01 -9.282462e-02 3.528360e-01 4.047800e-02 7.938810e-01 4.553775e-02
915 6.000000e+00 4.175525e-01 -9.281942e-02 3.528360e-01 4.047800e-02 7.938810e-01 4.553775e-02
916 6.000000e+00 4.175542e-01 -9.281404e-02 3.528360e-01 4.047800e-02 7.938810e-01 4.553775e-02
917 6.000000e+00 4.175559e-01 -9.280851e-02 3.528360e-01 4.047800e-02 7.938810e-01 4.553775e-02
918 6.000000e+00 4.175577e-01 -9.280286e-02 3.528360e-01 4.047800e-02 7.938810e-01 4.553775e-02
919 6.000000e+00 4.175594e-01 -9.279722e-02 3.528360e-01 4.047800e-02 7.938810e-01 4.553775e-02
920 6.000000e+00 4.175613e-01 -9.279143e-02 3.528360e-01 4.047800e-02 7.938810e-01 4.553775e-02
921 6.000000e+00 4.175631e-01 -9.278555e-02 3.528360e-01 4.047800e-02 7.938810e-01 4.553775e-02
922 6.000000e+00 4.175650e-01 -9.277961e-02 3.528360e-01 4.047800e-02 7.938810e-01 4.553775e-02
923 6.000000e+00 4.175669e-01 -9.277323e-02 3.528360e-01 4.047800e-02 7.938810e-01 4.553775e-02
924 6.000000e+00 4.175691e-01 -9.276622e-02 3.528360e-01 4.047800e-02 7.938810e-01 4.553775e-02
925 6.000000e+00 4.175714e-01 -9.275890e-02 3.528360e-01 4.047800e-02 7.938810e-01 4.553775e-02
926 6.000000e+00 4.175739e-01 -9.275110e-02 3.528360e-01 4.047800e-02 7.938810e-01 4.553775e-02
927 6.000000e+00 4.175764e-01 -9.274313e-02 3.528360e-01 4.047800e-02 7.938810e-01 4.553775e-02
928 6.000000e+00 4.175791e-01 -9.273446e-02 3.528360e-01 4.047800e-02 7.938810e-01 4.553775e-02
929 6.000000e+00 4.175819e-01 -9.272558e-02 3.528360e-01 4.047800e-02 7.938810e-01 4.553775e-02
930 6.000000e+00 4.175847e-01 -9.271647e-02 3.528360e-01 4.047800e-02 7.938810e-01 4.553775e-02
931 6.000000e+00 4.175877e-01 -9.270711e-02 3.528360e-01 4.047800e-02 7.938810e-01 4.553775e-02
932 6.000000e+00 4.175907e-01 -9.269742e-02 3.528360e-01 4.047800e-02 7.938810e-01 4.553775e-02
933 6.000000e+00 4.175938e-01 -9.268735e-02 3.528360e-01 4.047800e-02 7.938810e-01 4.553775e-02
934 6.000000e+00 4.175971e-01 -9.267686e-02 3.528360e-01 4.047800e-02 7.938810e-01 4.553775e-02
935 6.000000e+00 4.176005e-01 -9.266591e-02 3.528360e-01 4.047800e-02 7.938810e-01 4.553775e-02
936 6.000000e+00 4.176041e-01 -9.265452e-02 3.528360e-01 4.047800e-02 7.938810e-01 4.553775e-02
937 6.000000e+00 4.176078e-01 -9.264264e-02 3.528360e-01 4.047800e-02 7.938810e-01 4.553775e-02
938 6.000000e+00 4.176117e-01 -9.263028e-02 3.528360e-01 4.047800e-02 7.938810e-01 4.553775e-02
939 6.000000e+00 4.176157e-01 -9.261738e-02 3.528360e-01 4.047800e-02 7.938810e-01 4.553775e-02
940 6.000000e+00 4.176200e-01 -9.260383e-02 3.528360e-01 4.047800e-02 7.938810e-01 4.553775e-02
941 6.000000e+00 4.176245e-01 -9.258958e-02 3.528360e-01 4.047800e-02 7.938810e-01 4.553775e-02
942 6.000000e+00 4.176292e-01 -9.257443e-02 3.528360e-01 4.047800e-02 7.938810e-01 4.553775e-02
943 6.000000e+00 4.176341e-01 -9.255870e-02 3.528360e-01 4.047800e-02 7.938810e-01 4.553775e-02
944 6.000000e+00 4.176394e-01 -9.254182e-02 3.528360e-01 4.047800e-02 7.938810e-01 4.553775e-02
945 6.000000e+00 4.176449e-01 -9.252413e-02 3.528360e-01 4.047800e-02 7.938810e-01 4.553775e-02
946 6.000000e+00 4.176507e-01 -9.250562e-02 3.528360e-01 4.047800e-02 7.938810e-01 4.553775e-02
947 6.000000e+00 4.176568e-01 -9.248625e-02 3.528360e-01 4.047800e-02 7.938810e-01 4.553775e-02
948 6.000000e+00 4.176632e-01 -9.246583e-02 3.528360e-01 4.047800e-02 7.938810e-01 4.553775e-02
949 6.000000e+00 4.176699e-01 -9.244431e-02 3.528360e-01 4.047800e-02 7.938810e-01 4.553775e-02
950 6.000000e+00 4.176770e-01 -9.242166e-02 3.528360e-01 4.047800e-02 7.938810e-01 4.553775e-02
951 6.000000e+00 4.176845e-01 -9.239795e-02 3.528360e-01 4.047800e-02 7.938810e-01 4.553775e-02
952 6.000000e+00 4.176921e-01 -9.237352e-02 3.528360e-01 4.047800e-02 7.938810e-01 4.553775e-02
953 6.000000e+00 4.176998e-01 -9.234887e-02 3.528360e-01 4.047800e-02 7.938810e-01 4.553775e-02
954 6.000000e+00 4.177078e-01 -9.232350e-02 3.528360e-01 4.047800e-02 7.938810e-01 4.553775e-02
955 6.000000e+00 4.177159e-01 -9.229751e-02 3.528360e-01 4.047800e-02 7.938810e-01 4.553775e-02
956 6.000000e+00 4.177244e-01 -9.227034e-02 3.528360e-01 4.047800e-02 7.938810e-01 4.553775e-02
957 6.000000e+00 4.177332e-01 -9.224221e-02 3.528360e-01 4.047800e-02 7.938810e-01 4.553775e-02
958 6.000000e+00 4.177424e-01 -9.221304e-02 3.528360e-01 4.047800e-02 7.938810e-01 4.553775e-02
959 6.000000e+00 4.177519e-01 -9.218275e-02 3.528360e-01 4.047800e-02 7.938810e-01 4.553775e-02
960 6.000000e+00 4.177617e-01 -9.215125e-02 3.528360e-01 4.047800e-02 7.938810e-01 4.553775e-02
961 6.000000e+00 4.177719e-01 -9.211891e-02 3.528360e-01 4.047800e-02 7.938810e-01 4.553775e-02
962 6.000000e+00 4.177822e-01 -9.208587e-02 3.528360e-01 4.047800e-02 7.938810e-01 4.553775e-02
963 6.000000e+00 4.177929e-01 -9.205164e-02 3.528360e-01 4.047800e-02 7.938810e-01 4.553775e-02
964 6.000000e+00 4.178041e-01 -9.201612e-02 3.528360e-01 4.047800e-02 7.938810e-01 4.553775e-02
965 6.000000e+00 4.178156e-01 -9.197936e-02 3.528360e-01 4.047800e-02 7.938810e-01 4.553775e-02
966 6.000000e+00 4.178275e-01 -9.194144e-02 3.528360e-01 4.047800e-02 7.938810e-01 4.553775e-02
967 6.000000e+00 4.178397e-01 -9.190234e-02 3.528360e-01 4.047800e-02 7.938810e-01 4.553775e-02
968 6.000000e+00 4.178524e-01 -9.186200e-02 3.528360e-01 4.047800e-02 7.938810e-01 4.553775e-02
969 6.000000e+00 4.178654e-01 -9.182036e-02 3.528360e-01 4.047800e-02 7.938810e-01 4.553775e-02
970 6.000000e+00 4.178789e-01 -9.177734e-02 3.528360e-01 4.047800e-02 7.938810e-01 4.553775e-02
971 6.000000e+00 4.178928e-01 -9.173291e-02 3.528360e-01 4.047800e-02 7.938810e-01 4.553775e-02
972 6.000000e+00 4.179072e-01 -9.168705e-02 3.528360e-01 4.047800e-02 7.938810e-01 4.553775e-02
973 6.000000e+00 4.179220e-01 -9.163973e-02 3.528360e-01 4.047800e-02 7.938810e-01 4.553775e-02
974 6.000000e+00 4.179373e-01 -9.159094e-02 3.528360e-01 4.047800e-02 7.938810e-01 4.553775e-02
975 6.000000e+00 4.179531e-01 -9.154065e-02 3.528360e-01 4.047800e-02 7.938810e-01 4.553775e-02
976 6.000000e+00 4.179693e-01 -9.148888e-02 3.528360e-01 4.047800e-02 7.938810e-01 4.553775e-02
977 6.000000e+00 4.179860e-01 -9.143562e-02 3.528360e-01 4.047800e-02 7.938810e-01 4.553775e-02
978 6.000000e+00 4.180032e-01 -9.138082e-02 3.528360e-01 4.047800e-02 7.938810e-01 4.553775e-02
979 6.000000e+00 4.180208e-01 -9.132451e-02 3.528360e-01 4.047800e-02 7.938810e-01 4.553775e-02
980 6.000000e+00 4.180390e-01 -9.126670e-02 3.528360e-01 4.047800e-02 7.938810e-01 4.553775e-02
981 6.000000e+00 4.180576e-01 -9.120738e-02 3.528360e-01 4.047800e-02 7.938810e-01 4.553775e-02
982 6.000000e+00 4.180767e-01 -9.114656e-02 3.528360e-01 4.047800e-02 7.938810e-01 4.553775e-02
983 6.000000e+00 4.180962e-01 -9.108423e-02 3.528360e-01 4.047800e-02 7.938810e-01 4.553775e-02
984 6.000000e+00 4.181162e-01 -9.102044e-02 3.528360e-01 4.047800e-02 7.938810e-01 4.553775e-02
985 6.000000e+00 4.181367e-01 -9.095512e-02 3.528360e-01 4.047800e-02 7.938810e-01 4.553775e-02
986 6.000000e+00 4.181577e-01 -9.088820e-02 3.528360e-01 4.047800e-02 7.938810e-01 4.553775e-02
987 6.000000e+00 4.181792e-01 -9.081967e-02 3.528360e-01 4.047800e-02 7.938810e-01 4.553775e-02
988 6.000000e+00 4.182012e-01 -9.074958e-02 3.528360e-01 4.047800e-02 7.938810e-01 4.553775e-02
989 6.000000e+00 4.182236e-01 -9.067796e-02 3.528360e-01 4.047800e-02 7.938810e-01 4.553775e-02
990 6.000000e+00 4.182466e-01 -9.060484e-02 3.528360e-01 4.047800e-02 7.938810e-01 4.553775e-02
991 6.000000e+00 4.182700e-01 -9.053028e-02 3.528360e-01 4.047800e-02 7.938810e-01 4.553775e-02
992 6.000000e+00 4.182938e-01 -9.045423e-02 3.528360e-01 4.047800e-02 7.938810e-01 4.553775e-02
993 6.000000e+00 4.183181e-01 -9.037678e-02 3.528360e-01 4.047800e-02 7.938810e-01 4.553775e-02
994 6.000000e+00 4.183429e-01 -9.029800e-02 3.528360e-01 4.047800e-02 7.938810e-01 4.553775e-02
995 6.000000e+00 4.183680e-01 -9.021793e-02 3.528360e-01 4.047800e-02 7.938810e-01 4.553775e-02
996 6.000000e+00 4.183935e-01 -9.013659e-02 3.528360e-01 4.047800e-02 7.938810e-01 4.553775e-02
997 6.000000e+00 4.184195e-01 -9.005399e-02 3.528360e-01 4.047800e-02 7.938810e-01 4.553775e-02
998 6.000000e+00 4.184458e-01 -8.997014e-02 3.528360e-01 4.047800e-02 7.938810e-01 4.553775e-02
999 6.000000e+00 4.184725e-01 -8.988507e-02 3.528360e-01 4.047800e-02 7.938810e-01 4.553775e-02
1000 6.000000e+00 4.184996e-01 -8.979878e-02 3.528360e-01 4.047800e-02 7.938810e-01 4.553775e-02

=== window summary (100) ===
J range:     [0.417532, 0.4185], out-of-range: 0/100
Jcorr range: [-0.0928845, -0.0897988], out-of-range: 0/100
Kt range:    [0.352836, 0.352836]
Kq range:    [0.040478, 0.040478]
T/rho mean=0.793881, relRange=0%
Q/rho mean=0.0455377, relRange=0%

=== functionObject traces (latest file tail) ===
--- Uavg_propeller
file: postProcessing/Uavg_propeller/0/volFieldValue.dat
993           	(2.649836e-01 7.742636e-02 -1.255029e+00)
994           	(2.651934e-01 7.755882e-02 -1.255104e+00)
995           	(2.654065e-01 7.769393e-02 -1.255181e+00)
996           	(2.656229e-01 7.783157e-02 -1.255258e+00)
997           	(2.658427e-01 7.797163e-02 -1.255337e+00)
998           	(2.660660e-01 7.811402e-02 -1.255418e+00)
999           	(2.662928e-01 7.825863e-02 -1.255499e+00)
1000          	(2.665217e-01 7.840260e-02 -1.255579e+00)
--- phi_farField
file: postProcessing/phi_farField/0/surfaceFieldValue.dat
993           	1.974110e+00
994           	1.980690e+00
995           	1.987268e+00
996           	1.993853e+00
997           	2.000444e+00
998           	2.007035e+00
999           	2.013625e+00
1000          	2.020218e+00
--- phi_top
file: postProcessing/phi_top/0/surfaceFieldValue.dat
993           	-1.974148e+00
994           	-1.980734e+00
995           	-1.987317e+00
996           	-1.993908e+00
997           	-2.000503e+00
998           	-2.007099e+00
999           	-2.013694e+00
1000          	-2.020291e+00
