=== propellerDisk source ===
file: postProcessing/diskSource/0/propellerDisk.dat
J bounds from fvModels: [-0.5, 0.8]

=== last 100 rows: time n J Jcorr Kt Kq T/rho Q/rho ===
901 6.000000e+00 3.725373e-01 -2.473717e-01 3.267000e-01 3.748000e-02 7.350750e-01 4.216500e-02
902 6.000000e+00 3.725126e-01 -2.474632e-01 3.267000e-01 3.748000e-02 7.350750e-01 4.216500e-02
903 6.000000e+00 3.724865e-01 -2.475602e-01 3.267000e-01 3.748000e-02 7.350750e-01 4.216500e-02
904 6.000000e+00 3.724593e-01 -2.476612e-01 3.267000e-01 3.748000e-02 7.350750e-01 4.216500e-02
905 6.000000e+00 3.724312e-01 -2.477654e-01 3.267000e-01 3.748000e-02 7.350750e-01 4.216500e-02
906 6.000000e+00 3.724027e-01 -2.478711e-01 3.267000e-01 3.748000e-02 7.350750e-01 4.216500e-02
907 6.000000e+00 3.723736e-01 -2.479793e-01 3.267000e-01 3.748000e-02 7.350750e-01 4.216500e-02
908 6.000000e+00 3.723439e-01 -2.480895e-01 3.267000e-01 3.748000e-02 7.350750e-01 4.216500e-02
909 6.000000e+00 3.723133e-01 -2.482030e-01 3.267000e-01 3.748000e-02 7.350750e-01 4.216500e-02
910 6.000000e+00 3.722817e-01 -2.483206e-01 3.267000e-01 3.748000e-02 7.350750e-01 4.216500e-02
911 6.000000e+00 3.722489e-01 -2.484425e-01 3.267000e-01 3.748000e-02 7.350750e-01 4.216500e-02
912 6.000000e+00 3.722149e-01 -2.485686e-01 3.267000e-01 3.748000e-02 7.350750e-01 4.216500e-02
913 6.000000e+00 3.721802e-01 -2.486977e-01 3.267000e-01 3.748000e-02 7.350750e-01 4.216500e-02
914 6.000000e+00 3.721449e-01 -2.488288e-01 3.267000e-01 3.748000e-02 7.350750e-01 4.216500e-02
915 6.000000e+00 3.721091e-01 -2.489620e-01 3.267000e-01 3.748000e-02 7.350750e-01 4.216500e-02
916 6.000000e+00 3.720727e-01 -2.490971e-01 3.267000e-01 3.748000e-02 7.350750e-01 4.216500e-02
917 6.000000e+00 3.720357e-01 -2.492346e-01 3.267000e-01 3.748000e-02 7.350750e-01 4.216500e-02
918 6.000000e+00 3.719984e-01 -2.493733e-01 3.267000e-01 3.748000e-02 7.350750e-01 4.216500e-02
919 6.000000e+00 3.719606e-01 -2.495140e-01 3.267000e-01 3.748000e-02 7.350750e-01 4.216500e-02
920 6.000000e+00 3.719223e-01 -2.496564e-01 3.267000e-01 3.748000e-02 7.350750e-01 4.216500e-02
921 6.000000e+00 3.718839e-01 -2.497992e-01 3.267000e-01 3.748000e-02 7.350750e-01 4.216500e-02
922 6.000000e+00 3.718455e-01 -2.499421e-01 3.267000e-01 3.748000e-02 7.350750e-01 4.216500e-02
923 6.000000e+00 3.718068e-01 -2.500860e-01 3.267000e-01 3.748000e-02 7.350750e-01 4.216500e-02
924 6.000000e+00 3.717678e-01 -2.502312e-01 3.267000e-01 3.748000e-02 7.350750e-01 4.216500e-02
925 6.000000e+00 3.717285e-01 -2.503776e-01 3.267000e-01 3.748000e-02 7.350750e-01 4.216500e-02
926 6.000000e+00 3.716885e-01 -2.505266e-01 3.267000e-01 3.748000e-02 7.350750e-01 4.216500e-02
927 6.000000e+00 3.716477e-01 -2.506782e-01 3.267000e-01 3.748000e-02 7.350750e-01 4.216500e-02
928 6.000000e+00 3.716064e-01 -2.508321e-01 3.267000e-01 3.748000e-02 7.350750e-01 4.216500e-02
929 6.000000e+00 3.715646e-01 -2.509880e-01 3.267000e-01 3.748000e-02 7.350750e-01 4.216500e-02
930 6.000000e+00 3.715226e-01 -2.511442e-01 3.267000e-01 3.748000e-02 7.350750e-01 4.216500e-02
931 6.000000e+00 3.714808e-01 -2.513000e-01 3.267000e-01 3.748000e-02 7.350750e-01 4.216500e-02
932 6.000000e+00 3.714392e-01 -2.514552e-01 3.267000e-01 3.748000e-02 7.350750e-01 4.216500e-02
933 6.000000e+00 3.713975e-01 -2.516104e-01 3.267000e-01 3.748000e-02 7.350750e-01 4.216500e-02
934 6.000000e+00 3.713556e-01 -2.517667e-01 3.267000e-01 3.748000e-02 7.350750e-01 4.216500e-02
935 6.000000e+00 3.713134e-01 -2.519239e-01 3.267000e-01 3.748000e-02 7.350750e-01 4.216500e-02
936 6.000000e+00 3.712711e-01 -2.520819e-01 3.267000e-01 3.748000e-02 7.350750e-01 4.216500e-02
937 6.000000e+00 3.712284e-01 -2.522409e-01 3.267000e-01 3.748000e-02 7.350750e-01 4.216500e-02
938 6.000000e+00 3.711855e-01 -2.524009e-01 3.267000e-01 3.748000e-02 7.350750e-01 4.216500e-02
939 6.000000e+00 3.711425e-01 -2.525614e-01 3.267000e-01 3.748000e-02 7.350750e-01 4.216500e-02
940 6.000000e+00 3.710994e-01 -2.527224e-01 3.267000e-01 3.748000e-02 7.350750e-01 4.216500e-02
941 6.000000e+00 3.710561e-01 -2.528838e-01 3.267000e-01 3.748000e-02 7.350750e-01 4.216500e-02
942 6.000000e+00 3.710127e-01 -2.530458e-01 3.267000e-01 3.748000e-02 7.350750e-01 4.216500e-02
943 6.000000e+00 3.709692e-01 -2.532082e-01 3.267000e-01 3.748000e-02 7.350750e-01 4.216500e-02
944 6.000000e+00 3.709257e-01 -2.533707e-01 3.267000e-01 3.748000e-02 7.350750e-01 4.216500e-02
945 6.000000e+00 3.708822e-01 -2.535330e-01 3.267000e-01 3.748000e-02 7.350750e-01 4.216500e-02
946 6.000000e+00 3.708389e-01 -2.536949e-01 3.267000e-01 3.748000e-02 7.350750e-01 4.216500e-02
947 6.000000e+00 3.707957e-01 -2.538563e-01 3.267000e-01 3.748000e-02 7.350750e-01 4.216500e-02
948 6.000000e+00 3.707527e-01 -2.540169e-01 3.267000e-01 3.748000e-02 7.350750e-01 4.216500e-02
949 6.000000e+00 3.707100e-01 -2.541767e-01 3.267000e-01 3.748000e-02 7.350750e-01 4.216500e-02
950 6.000000e+00 3.706675e-01 -2.543356e-01 3.267000e-01 3.748000e-02 7.350750e-01 4.216500e-02
951 6.000000e+00 3.706253e-01 -2.544931e-01 3.267000e-01 3.748000e-02 7.350750e-01 4.216500e-02
952 6.000000e+00 3.705838e-01 -2.546484e-01 3.267000e-01 3.748000e-02 7.350750e-01 4.216500e-02
953 6.000000e+00 3.705428e-01 -2.548017e-01 3.267000e-01 3.748000e-02 7.350750e-01 4.216500e-02
954 6.000000e+00 3.705024e-01 -2.549528e-01 3.267000e-01 3.748000e-02 7.350750e-01 4.216500e-02
955 6.000000e+00 3.704626e-01 -2.551018e-01 3.267000e-01 3.748000e-02 7.350750e-01 4.216500e-02
956 6.000000e+00 3.704232e-01 -2.552492e-01 3.267000e-01 3.748000e-02 7.350750e-01 4.216500e-02
957 6.000000e+00 3.703842e-01 -2.553949e-01 3.267000e-01 3.748000e-02 7.350750e-01 4.216500e-02
958 6.000000e+00 3.703457e-01 -2.555392e-01 3.267000e-01 3.748000e-02 7.350750e-01 4.216500e-02
959 6.000000e+00 3.703076e-01 -2.556818e-01 3.267000e-01 3.748000e-02 7.350750e-01 4.216500e-02
960 6.000000e+00 3.702700e-01 -2.558224e-01 3.267000e-01 3.748000e-02 7.350750e-01 4.216500e-02
961 6.000000e+00 3.702332e-01 -2.559602e-01 3.267000e-01 3.748000e-02 7.350750e-01 4.216500e-02
962 6.000000e+00 3.701971e-01 -2.560956e-01 3.267000e-01 3.748000e-02 7.350750e-01 4.216500e-02
963 6.000000e+00 3.701616e-01 -2.562282e-01 3.267000e-01 3.748000e-02 7.350750e-01 4.216500e-02
964 6.000000e+00 3.701269e-01 -2.563584e-01 3.267000e-01 3.748000e-02 7.350750e-01 4.216500e-02
965 6.000000e+00 3.700923e-01 -2.564881e-01 3.267000e-01 3.748000e-02 7.350750e-01 4.216500e-02
966 6.000000e+00 3.700582e-01 -2.566158e-01 3.267000e-01 3.748000e-02 7.350750e-01 4.216500e-02
967 6.000000e+00 3.700249e-01 -2.567407e-01 3.267000e-01 3.748000e-02 7.350750e-01 4.216500e-02
968 6.000000e+00 3.699923e-01 -2.568626e-01 3.267000e-01 3.748000e-02 7.350750e-01 4.216500e-02
969 6.000000e+00 3.699606e-01 -2.569815e-01 3.267000e-01 3.748000e-02 7.350750e-01 4.216500e-02
970 6.000000e+00 3.699298e-01 -2.570971e-01 3.267000e-01 3.748000e-02 7.350750e-01 4.216500e-02
971 6.000000e+00 3.698999e-01 -2.572093e-01 3.267000e-01 3.748000e-02 7.350750e-01 4.216500e-02
972 6.000000e+00 3.698709e-01 -2.573177e-01 3.267000e-01 3.748000e-02 7.350750e-01 4.216500e-02
973 6.000000e+00 3.698431e-01 -2.574222e-01 3.267000e-01 3.748000e-02 7.350750e-01 4.216500e-02
974 6.000000e+00 3.698163e-01 -2.575227e-01 3.267000e-01 3.748000e-02 7.350750e-01 4.216500e-02
975 6.000000e+00 3.697905e-01 -2.576195e-01 3.267000e-01 3.748000e-02 7.350750e-01 4.216500e-02
976 6.000000e+00 3.697657e-01 -2.577125e-01 3.267000e-01 3.748000e-02 7.350750e-01 4.216500e-02
977 6.000000e+00 3.697419e-01 -2.578017e-01 3.267000e-01 3.748000e-02 7.350750e-01 4.216500e-02
978 6.000000e+00 3.697192e-01 -2.578870e-01 3.267000e-01 3.748000e-02 7.350750e-01 4.216500e-02
979 6.000000e+00 3.696975e-01 -2.579682e-01 3.267000e-01 3.748000e-02 7.350750e-01 4.216500e-02
980 6.000000e+00 3.696771e-01 -2.580449e-01 3.267000e-01 3.748000e-02 7.350750e-01 4.216500e-02
981 6.000000e+00 3.696577e-01 -2.581176e-01 3.267000e-01 3.748000e-02 7.350750e-01 4.216500e-02
982 6.000000e+00 3.696395e-01 -2.581862e-01 3.267000e-01 3.748000e-02 7.350750e-01 4.216500e-02
983 6.000000e+00 3.696220e-01 -2.582516e-01 3.267000e-01 3.748000e-02 7.350750e-01 4.216500e-02
984 6.000000e+00 3.696055e-01 -2.583138e-01 3.267000e-01 3.748000e-02 7.350750e-01 4.216500e-02
985 6.000000e+00 3.695898e-01 -2.583728e-01 3.267000e-01 3.748000e-02 7.350750e-01 4.216500e-02
986 6.000000e+00 3.695749e-01 -2.584284e-01 3.267000e-01 3.748000e-02 7.350750e-01 4.216500e-02
987 6.000000e+00 3.695611e-01 -2.584805e-01 3.267000e-01 3.748000e-02 7.350750e-01 4.216500e-02
988 6.000000e+00 3.695481e-01 -2.585291e-01 3.267000e-01 3.748000e-02 7.350750e-01 4.216500e-02
989 6.000000e+00 3.695361e-01 -2.585743e-01 3.267000e-01 3.748000e-02 7.350750e-01 4.216500e-02
990 6.000000e+00 3.695250e-01 -2.586160e-01 3.267000e-01 3.748000e-02 7.350750e-01 4.216500e-02
991 6.000000e+00 3.695147e-01 -2.586544e-01 3.267000e-01 3.748000e-02 7.350750e-01 4.216500e-02
992 6.000000e+00 3.695054e-01 -2.586895e-01 3.267000e-01 3.748000e-02 7.350750e-01 4.216500e-02
993 6.000000e+00 3.694969e-01 -2.587215e-01 3.267000e-01 3.748000e-02 7.350750e-01 4.216500e-02
994 6.000000e+00 3.694892e-01 -2.587504e-01 3.267000e-01 3.748000e-02 7.350750e-01 4.216500e-02
995 6.000000e+00 3.694823e-01 -2.587762e-01 3.267000e-01 3.748000e-02 7.350750e-01 4.216500e-02
996 6.000000e+00 3.694762e-01 -2.587991e-01 3.267000e-01 3.748000e-02 7.350750e-01 4.216500e-02
997 6.000000e+00 3.694709e-01 -2.588191e-01 3.267000e-01 3.748000e-02 7.350750e-01 4.216500e-02
998 6.000000e+00 3.694663e-01 -2.588365e-01 3.267000e-01 3.748000e-02 7.350750e-01 4.216500e-02
999 6.000000e+00 3.694623e-01 -2.588512e-01 3.267000e-01 3.748000e-02 7.350750e-01 4.216500e-02
1000 6.000000e+00 3.694591e-01 -2.588634e-01 3.267000e-01 3.748000e-02 7.350750e-01 4.216500e-02

=== window summary (100) ===
J range:     [0.369459, 0.372537], out-of-range: 0/100
Jcorr range: [-0.258863, -0.247372], out-of-range: 0/100
Kt range:    [0.3267, 0.3267]
Kq range:    [0.03748, 0.03748]
T/rho mean=0.735075, relRange=0%
Q/rho mean=0.042165, relRange=0%

=== functionObject traces (latest file tail) ===
--- Uavg_propeller
file: postProcessing/Uavg_propeller/0/volFieldValue.dat
993           	(3.450672e-02 -2.163410e-02 -1.108468e+00)
994           	(3.454816e-02 -2.183210e-02 -1.108447e+00)
995           	(3.458930e-02 -2.203263e-02 -1.108429e+00)
996           	(3.462990e-02 -2.223545e-02 -1.108413e+00)
997           	(3.467005e-02 -2.244027e-02 -1.108399e+00)
998           	(3.470973e-02 -2.264667e-02 -1.108387e+00)
999           	(3.474882e-02 -2.285422e-02 -1.108377e+00)
1000          	(3.478717e-02 -2.306254e-02 -1.108370e+00)
--- phi_farField
file: postProcessing/phi_farField/0/surfaceFieldValue.dat
993           	5.848505e-01
994           	5.854711e-01
995           	5.860149e-01
996           	5.865803e-01
997           	5.871319e-01
998           	5.876619e-01
999           	5.881628e-01
1000          	5.886387e-01
--- phi_top
file: postProcessing/phi_top/0/surfaceFieldValue.dat
993           	-5.851006e-01
994           	-5.856752e-01
995           	-5.862631e-01
996           	-5.868271e-01
997           	-5.873786e-01
998           	-5.879105e-01
999           	-5.884135e-01
1000          	-5.888917e-01
