=== propellerDisk source ===
file: postProcessing/diskSource/0/propellerDisk.dat
J bounds from fvModels: [-0.5, 0.8]

=== last 100 rows: time n J Jcorr Kt Kq T/rho Q/rho ===
901 6.000000e+00 3.955689e-01 -1.655433e-01 3.267000e-01 3.748000e-02 7.350750e-01 4.216500e-02
902 6.000000e+00 3.955836e-01 -1.654931e-01 3.267000e-01 3.748000e-02 7.350750e-01 4.216500e-02
903 6.000000e+00 3.955985e-01 -1.654422e-01 3.267000e-01 3.748000e-02 7.350750e-01 4.216500e-02
904 6.000000e+00 3.956138e-01 -1.653904e-01 3.267000e-01 3.748000e-02 7.350750e-01 4.216500e-02
905 6.000000e+00 3.956293e-01 -1.653377e-01 3.267000e-01 3.748000e-02 7.350750e-01 4.216500e-02
906 6.000000e+00 3.956451e-01 -1.652838e-01 3.267000e-01 3.748000e-02 7.350750e-01 4.216500e-02
907 6.000000e+00 3.956612e-01 -1.652290e-01 3.267000e-01 3.748000e-02 7.350750e-01 4.216500e-02
908 6.000000e+00 3.956776e-01 -1.651733e-01 3.267000e-01 3.748000e-02 7.350750e-01 4.216500e-02
909 6.000000e+00 3.956941e-01 -1.651169e-01 3.267000e-01 3.748000e-02 7.350750e-01 4.216500e-02
910 6.000000e+00 3.957109e-01 -1.650599e-01 3.267000e-01 3.748000e-02 7.350750e-01 4.216500e-02
911 6.000000e+00 3.957278e-01 -1.650023e-01 3.267000e-01 3.748000e-02 7.350750e-01 4.216500e-02
912 6.000000e+00 3.957449e-01 -1.649442e-01 3.267000e-01 3.748000e-02 7.350750e-01 4.216500e-02
913 6.000000e+00 3.957621e-01 -1.648857e-01 3.267000e-01 3.748000e-02 7.350750e-01 4.216500e-02
914 6.000000e+00 3.957794e-01 -1.648267e-01 3.267000e-01 3.748000e-02 7.350750e-01 4.216500e-02
915 6.000000e+00 3.957969e-01 -1.647674e-01 3.267000e-01 3.748000e-02 7.350750e-01 4.216500e-02
916 6.000000e+00 3.958145e-01 -1.647074e-01 3.267000e-01 3.748000e-02 7.350750e-01 4.216500e-02
917 6.000000e+00 3.958323e-01 -1.646470e-01 3.267000e-01 3.748000e-02 7.350750e-01 4.216500e-02
918 6.000000e+00 3.958502e-01 -1.645860e-01 3.267000e-01 3.748000e-02 7.350750e-01 4.216500e-02
919 6.000000e+00 3.958683e-01 -1.645246e-01 3.267000e-01 3.748000e-02 7.350750e-01 4.216500e-02
920 6.000000e+00 3.958865e-01 -1.644625e-01 3.267000e-01 3.748000e-02 7.350750e-01 4.216500e-02
921 6.000000e+00 3.959050e-01 -1.643997e-01 3.267000e-01 3.748000e-02 7.350750e-01 4.216500e-02
922 6.000000e+00 3.959236e-01 -1.643363e-01 3.267000e-01 3.748000e-02 7.350750e-01 4.216500e-02
923 6.000000e+00 3.959425e-01 -1.642721e-01 3.267000e-01 3.748000e-02 7.350750e-01 4.216500e-02
924 6.000000e+00 3.959616e-01 -1.642073e-01 3.267000e-01 3.748000e-02 7.350750e-01 4.216500e-02
925 6.000000e+00 3.959809e-01 -1.641417e-01 3.267000e-01 3.748000e-02 7.350750e-01 4.216500e-02
926 6.000000e+00 3.960004e-01 -1.640754e-01 3.267000e-01 3.748000e-02 7.350750e-01 4.216500e-02
927 6.000000e+00 3.960201e-01 -1.640084e-01 3.267000e-01 3.748000e-02 7.350750e-01 4.216500e-02
928 6.000000e+00 3.960400e-01 -1.639408e-01 3.267000e-01 3.748000e-02 7.350750e-01 4.216500e-02
929 6.000000e+00 3.960600e-01 -1.638727e-01 3.267000e-01 3.748000e-02 7.350750e-01 4.216500e-02
930 6.000000e+00 3.960803e-01 -1.638039e-01 3.267000e-01 3.748000e-02 7.350750e-01 4.216500e-02
931 6.000000e+00 3.961007e-01 -1.637346e-01 3.267000e-01 3.748000e-02 7.350750e-01 4.216500e-02
932 6.000000e+00 3.961212e-01 -1.636647e-01 3.267000e-01 3.748000e-02 7.350750e-01 4.216500e-02
933 6.000000e+00 3.961420e-01 -1.635943e-01 3.267000e-01 3.748000e-02 7.350750e-01 4.216500e-02
934 6.000000e+00 3.961628e-01 -1.635236e-01 3.267000e-01 3.748000e-02 7.350750e-01 4.216500e-02
935 6.000000e+00 3.961837e-01 -1.634525e-01 3.267000e-01 3.748000e-02 7.350750e-01 4.216500e-02
936 6.000000e+00 3.962047e-01 -1.633811e-01 3.267000e-01 3.748000e-02 7.350750e-01 4.216500e-02
937 6.000000e+00 3.962259e-01 -1.633093e-01 3.267000e-01 3.748000e-02 7.350750e-01 4.216500e-02
938 6.000000e+00 3.962471e-01 -1.632372e-01 3.267000e-01 3.748000e-02 7.350750e-01 4.216500e-02
939 6.000000e+00 3.962684e-01 -1.631648e-01 3.267000e-01 3.748000e-02 7.350750e-01 4.216500e-02
940 6.000000e+00 3.962898e-01 -1.630922e-01 3.267000e-01 3.748000e-02 7.350750e-01 4.216500e-02
941 6.000000e+00 3.963112e-01 -1.630195e-01 3.267000e-01 3.748000e-02 7.350750e-01 4.216500e-02
942 6.000000e+00 3.963326e-01 -1.629468e-01 3.267000e-01 3.748000e-02 7.350750e-01 4.216500e-02
943 6.000000e+00 3.963540e-01 -1.628743e-01 3.267000e-01 3.748000e-02 7.350750e-01 4.216500e-02
944 6.000000e+00 3.963753e-01 -1.628017e-01 3.267000e-01 3.748000e-02 7.350750e-01 4.216500e-02
945 6.000000e+00 3.963968e-01 -1.627289e-01 3.267000e-01 3.748000e-02 7.350750e-01 4.216500e-02
946 6.000000e+00 3.964183e-01 -1.626559e-01 3.267000e-01 3.748000e-02 7.350750e-01 4.216500e-02
947 6.000000e+00 3.964399e-01 -1.625828e-01 3.267000e-01 3.748000e-02 7.350750e-01 4.216500e-02
948 6.000000e+00 3.964613e-01 -1.625099e-01 3.267000e-01 3.748000e-02 7.350750e-01 4.216500e-02
949 6.000000e+00 3.964826e-01 -1.624376e-01 3.267000e-01 3.748000e-02 7.350750e-01 4.216500e-02
950 6.000000e+00 3.965040e-01 -1.623652e-01 3.267000e-01 3.748000e-02 7.350750e-01 4.216500e-02
951 6.000000e+00 3.965254e-01 -1.622925e-01 3.267000e-01 3.748000e-02 7.350750e-01 4.216500e-02
952 6.000000e+00 3.965469e-01 -1.622194e-01 3.267000e-01 3.748000e-02 7.350750e-01 4.216500e-02
953 6.000000e+00 3.965685e-01 -1.621462e-01 3.267000e-01 3.748000e-02 7.350750e-01 4.216500e-02
954 6.000000e+00 3.965902e-01 -1.620728e-01 3.267000e-01 3.748000e-02 7.350750e-01 4.216500e-02
955 6.000000e+00 3.966119e-01 -1.619992e-01 3.267000e-01 3.748000e-02 7.350750e-01 4.216500e-02
956 6.000000e+00 3.966336e-01 -1.619255e-01 3.267000e-01 3.748000e-02 7.350750e-01 4.216500e-02
957 6.000000e+00 3.966554e-01 -1.618515e-01 3.267000e-01 3.748000e-02 7.350750e-01 4.216500e-02
958 6.000000e+00 3.966772e-01 -1.617776e-01 3.267000e-01 3.748000e-02 7.350750e-01 4.216500e-02
959 6.000000e+00 3.966991e-01 -1.617034e-01 3.267000e-01 3.748000e-02 7.350750e-01 4.216500e-02
960 6.000000e+00 3.967211e-01 -1.616289e-01 3.267000e-01 3.748000e-02 7.350750e-01 4.216500e-02
961 6.000000e+00 3.967429e-01 -1.615548e-01 3.267000e-01 3.748000e-02 7.350750e-01 4.216500e-02
962 6.000000e+00 3.967648e-01 -1.614807e-01 3.267000e-01 3.748000e-02 7.350750e-01 4.216500e-02
963 6.000000e+00 3.967866e-01 -1.614066e-01 3.267000e-01 3.748000e-02 7.350750e-01 4.216500e-02
964 6.000000e+00 3.968084e-01 -1.613328e-01 3.267000e-01 3.748000e-02 7.350750e-01 4.216500e-02
965 6.000000e+00 3.968302e-01 -1.612591e-01 3.267000e-01 3.748000e-02 7.350750e-01 4.216500e-02
966 6.000000e+00 3.968519e-01 -1.611855e-01 3.267000e-01 3.748000e-02 7.350750e-01 4.216500e-02
967 6.000000e+00 3.968735e-01 -1.611122e-01 3.267000e-01 3.748000e-02 7.350750e-01 4.216500e-02
968 6.000000e+00 3.968951e-01 -1.610390e-01 3.267000e-01 3.748000e-02 7.350750e-01 4.216500e-02
969 6.000000e+00 3.969167e-01 -1.609660e-01 3.267000e-01 3.748000e-02 7.350750e-01 4.216500e-02
970 6.000000e+00 3.969382e-01 -1.608932e-01 3.267000e-01 3.748000e-02 7.350750e-01 4.216500e-02
971 6.000000e+00 3.969596e-01 -1.608206e-01 3.267000e-01 3.748000e-02 7.350750e-01 4.216500e-02
972 6.000000e+00 3.969809e-01 -1.607486e-01 3.267000e-01 3.748000e-02 7.350750e-01 4.216500e-02
973 6.000000e+00 3.970020e-01 -1.606770e-01 3.267000e-01 3.748000e-02 7.350750e-01 4.216500e-02
974 6.000000e+00 3.970230e-01 -1.606059e-01 3.267000e-01 3.748000e-02 7.350750e-01 4.216500e-02
975 6.000000e+00 3.970438e-01 -1.605352e-01 3.267000e-01 3.748000e-02 7.350750e-01 4.216500e-02
976 6.000000e+00 3.970646e-01 -1.604650e-01 3.267000e-01 3.748000e-02 7.350750e-01 4.216500e-02
977 6.000000e+00 3.970852e-01 -1.603952e-01 3.267000e-01 3.748000e-02 7.350750e-01 4.216500e-02
978 6.000000e+00 3.971057e-01 -1.603258e-01 3.267000e-01 3.748000e-02 7.350750e-01 4.216500e-02
979 6.000000e+00 3.971260e-01 -1.602570e-01 3.267000e-01 3.748000e-02 7.350750e-01 4.216500e-02
980 6.000000e+00 3.971460e-01 -1.601894e-01 3.267000e-01 3.748000e-02 7.350750e-01 4.216500e-02
981 6.000000e+00 3.971656e-01 -1.601230e-01 3.267000e-01 3.748000e-02 7.350750e-01 4.216500e-02
982 6.000000e+00 3.971849e-01 -1.600578e-01 3.267000e-01 3.748000e-02 7.350750e-01 4.216500e-02
983 6.000000e+00 3.972038e-01 -1.599936e-01 3.267000e-01 3.748000e-02 7.350750e-01 4.216500e-02
984 6.000000e+00 3.972225e-01 -1.599303e-01 3.267000e-01 3.748000e-02 7.350750e-01 4.216500e-02
985 6.000000e+00 3.972410e-01 -1.598678e-01 3.267000e-01 3.748000e-02 7.350750e-01 4.216500e-02
986 6.000000e+00 3.972593e-01 -1.598060e-01 3.267000e-01 3.748000e-02 7.350750e-01 4.216500e-02
987 6.000000e+00 3.972773e-01 -1.597451e-01 3.267000e-01 3.748000e-02 7.350750e-01 4.216500e-02
988 6.000000e+00 3.972950e-01 -1.596850e-01 3.267000e-01 3.748000e-02 7.350750e-01 4.216500e-02
989 6.000000e+00 3.973125e-01 -1.596259e-01 3.267000e-01 3.748000e-02 7.350750e-01 4.216500e-02
990 6.000000e+00 3.973297e-01 -1.595675e-01 3.267000e-01 3.748000e-02 7.350750e-01 4.216500e-02
991 6.000000e+00 3.973467e-01 -1.595102e-01 3.267000e-01 3.748000e-02 7.350750e-01 4.216500e-02
992 6.000000e+00 3.973634e-01 -1.594536e-01 3.267000e-01 3.748000e-02 7.350750e-01 4.216500e-02
993 6.000000e+00 3.973799e-01 -1.593981e-01 3.267000e-01 3.748000e-02 7.350750e-01 4.216500e-02
994 6.000000e+00 3.973960e-01 -1.593433e-01 3.267000e-01 3.748000e-02 7.350750e-01 4.216500e-02
995 6.000000e+00 3.974120e-01 -1.592894e-01 3.267000e-01 3.748000e-02 7.350750e-01 4.216500e-02
996 6.000000e+00 3.974275e-01 -1.592369e-01 3.267000e-01 3.748000e-02 7.350750e-01 4.216500e-02
997 6.000000e+00 3.974425e-01 -1.591861e-01 3.267000e-01 3.748000e-02 7.350750e-01 4.216500e-02
998 6.000000e+00 3.974570e-01 -1.591373e-01 3.267000e-01 3.748000e-02 7.350750e-01 4.216500e-02
999 6.000000e+00 3.974708e-01 -1.590905e-01 3.267000e-01 3.748000e-02 7.350750e-01 4.216500e-02
1000 6.000000e+00 3.974840e-01 -1.590459e-01 3.267000e-01 3.748000e-02 7.350750e-01 4.216500e-02

=== window summary (100) ===
J range:     [0.395569, 0.397484], out-of-range: 0/100
Jcorr range: [-0.165543, -0.159046], out-of-range: 0/100
Kt range:    [0.3267, 0.3267]
Kq range:    [0.03748, 0.03748]
T/rho mean=0.735075, relRange=0%
Q/rho mean=0.042165, relRange=0%

=== functionObject traces (latest file tail) ===
--- Uavg_propeller
file: postProcessing/Uavg_propeller/0/volFieldValue.dat
993           	(2.184726e-01 5.759999e-02 -1.192188e+00)
994           	(2.179465e-01 5.769175e-02 -1.192236e+00)
995           	(2.174095e-01 5.777680e-02 -1.192283e+00)
996           	(2.168615e-01 5.785496e-02 -1.192328e+00)
997           	(2.163021e-01 5.792599e-02 -1.192371e+00)
998           	(2.157311e-01 5.798967e-02 -1.192412e+00)
999           	(2.151482e-01 5.804576e-02 -1.192452e+00)
1000          	(2.145531e-01 5.809403e-02 -1.192490e+00)
--- phi_farField
file: postProcessing/phi_farField/0/surfaceFieldValue.dat
993           	1.538450e+00
994           	1.542334e+00
995           	1.546167e+00
996           	1.549951e+00
997           	1.553687e+00
998           	1.557385e+00
999           	1.561013e+00
1000          	1.564591e+00
--- phi_top
file: postProcessing/phi_top/0/surfaceFieldValue.dat
993           	-1.538753e+00
994           	-1.542642e+00
995           	-1.546477e+00
996           	-1.550260e+00
997           	-1.553994e+00
998           	-1.557690e+00
999           	-1.561318e+00
1000          	-1.564898e+00
